<shapes type=list>
	<ruler.pixel type=vector names=FALSE length=1 as.numeric=TRUE >50</ruler.pixel>
	<ruler.interval type=vector names=FALSE length=1 as.numeric=TRUE >10</ruler.interval>
	<scaling.units type=vector names=FALSE length=1 as.numeric=FALSE >mm</scaling.units>
	<scaling type=vector names=FALSE length=1 as.numeric=TRUE >0.2</scaling>
	<landmarks.pixel type=matrix rownames=TRUE colnames=FALSE nrow=7 ncol=2 as.numeric=TRUE >
		LM01	492	401
		LM02	763	411
		LM03	1519	454
		LM04	1382	899
		LM05	824	614
		LM06	804	641
		LM07	497	650
	</landmarks.pixel>
	<landmarks.scaled type=matrix rownames=TRUE colnames=FALSE nrow=7 ncol=2 as.numeric=TRUE >
		LM01	98.4	-80.2
		LM02	152.6	-82.2
		LM03	303.8	-90.8
		LM04	276.4	-179.8
		LM05	164.8	-122.8
		LM06	160.8	-128.2
		LM07	99.4	-130
	</landmarks.scaled>
	<curves.control type=list>
		<curveLM08 type=matrix rownames=FALSE colnames=FALSE nrow=5 ncol=2 as.numeric=TRUE >
			492	401
			521	384
			683	391
			721	397
			763	411
		</curveLM08>
		<curveLM09 type=matrix rownames=FALSE colnames=FALSE nrow=5 ncol=2 as.numeric=TRUE >
			763	411
			971	397
			1214	414
			1428	434
			1519	454
		</curveLM09>
		<curveLM10 type=matrix rownames=FALSE colnames=FALSE nrow=5 ncol=2 as.numeric=TRUE >
			1519	454
			1567	458
			1489	659
			1403	901
			1382	899
		</curveLM10>
		<curveLM11 type=matrix rownames=FALSE colnames=FALSE nrow=5 ncol=2 as.numeric=TRUE >
			1382	899
			1364	905
			1326	884
			929	662
			824	614
		</curveLM11>
		<curveLM12 type=matrix rownames=FALSE colnames=FALSE nrow=3 ncol=2 as.numeric=TRUE >
			824	614
			813	626
			804	641
		</curveLM12>
		<curveLM13 type=matrix rownames=FALSE colnames=FALSE nrow=5 ncol=2 as.numeric=TRUE >
			804	641
			729	645
			687	657
			528	676
			497	650
		</curveLM13>
		<curveLM14 type=matrix rownames=FALSE colnames=FALSE nrow=5 ncol=2 as.numeric=TRUE >
			497	650
			491	620
			488	460
			483	418
			492	401
		</curveLM14>
	</curves.control>
	<curves.pixel type=list>
		<curveLM08 type=matrix rownames=FALSE colnames=FALSE nrow=272 ncol=2 as.numeric=TRUE >
			492	401
			493	401
			494	400
			495	400
			496	399
			497	399
			498	398
			499	398
			500	398
			501	397
			502	397
			503	397
			504	396
			505	396
			506	396
			507	396
			508	395
			509	395
			510	395
			511	395
			512	395
			513	394
			514	394
			515	394
			516	394
			517	394
			518	393
			519	393
			520	393
			521	393
			522	393
			523	393
			524	393
			525	392
			526	392
			527	392
			528	392
			529	392
			530	392
			531	392
			532	392
			533	392
			534	391
			535	391
			536	391
			537	391
			538	391
			539	391
			540	391
			541	391
			542	391
			543	391
			544	391
			545	391
			546	390
			547	390
			548	390
			549	390
			550	390
			551	390
			552	390
			553	390
			554	390
			555	390
			556	390
			557	390
			558	390
			559	390
			560	390
			561	390
			562	390
			563	390
			564	390
			565	390
			566	389
			567	389
			568	389
			569	389
			570	389
			571	389
			572	389
			573	389
			574	389
			575	389
			576	389
			577	389
			578	389
			579	389
			580	389
			581	389
			582	389
			583	389
			584	389
			585	389
			586	389
			587	389
			588	389
			589	389
			590	389
			591	389
			592	389
			593	389
			594	389
			595	389
			596	389
			597	389
			598	389
			599	389
			600	389
			601	389
			602	389
			603	389
			604	389
			605	389
			606	389
			607	389
			608	389
			609	389
			610	389
			611	389
			612	389
			613	389
			614	389
			615	389
			616	389
			617	389
			618	389
			619	389
			620	389
			621	389
			622	389
			623	389
			624	389
			625	389
			626	389
			627	389
			628	389
			629	389
			630	389
			631	389
			632	389
			633	389
			634	389
			635	389
			636	389
			637	389
			638	389
			639	389
			640	390
			641	390
			642	390
			643	390
			644	390
			645	390
			646	390
			647	390
			648	390
			649	390
			650	390
			651	390
			652	390
			653	390
			654	390
			655	390
			656	390
			657	390
			658	390
			659	390
			660	390
			661	390
			662	390
			663	390
			664	390
			665	390
			666	390
			667	390
			668	390
			669	390
			670	390
			671	391
			672	391
			673	391
			674	391
			675	391
			676	391
			677	391
			678	391
			679	391
			680	391
			681	391
			682	391
			683	391
			684	391
			685	391
			686	391
			687	392
			688	392
			689	392
			690	392
			691	392
			692	392
			693	393
			694	393
			695	393
			696	393
			697	393
			698	394
			699	394
			700	394
			701	394
			702	394
			703	395
			704	395
			705	395
			706	395
			707	395
			708	396
			709	396
			710	396
			711	396
			712	397
			713	397
			714	397
			715	397
			716	398
			717	398
			718	398
			719	398
			720	399
			721	399
			722	399
			723	399
			724	400
			725	400
			726	400
			727	400
			728	401
			729	401
			730	401
			731	401
			732	402
			733	402
			734	402
			735	402
			736	403
			737	403
			738	403
			739	404
			740	404
			741	404
			742	404
			743	405
			744	405
			745	405
			746	406
			747	406
			748	406
			749	407
			750	407
			751	407
			752	407
			753	408
			754	408
			755	408
			756	409
			757	409
			758	409
			759	410
			760	410
			761	410
			762	411
			763	411
		</curveLM08>
		<curveLM09 type=matrix rownames=FALSE colnames=FALSE nrow=766 ncol=2 as.numeric=TRUE >
			763	411
			764	411
			765	411
			766	411
			767	411
			768	411
			769	411
			770	411
			771	410
			772	410
			773	410
			774	410
			775	410
			776	410
			777	410
			778	410
			779	410
			780	410
			781	410
			782	410
			783	410
			784	410
			785	410
			786	410
			787	410
			788	409
			789	409
			790	409
			791	409
			792	409
			793	409
			794	409
			795	409
			796	409
			797	409
			798	409
			799	409
			800	409
			801	409
			802	409
			803	409
			804	409
			805	408
			806	408
			807	408
			808	408
			809	408
			810	408
			811	408
			812	408
			813	408
			814	408
			815	408
			816	408
			817	408
			818	408
			819	408
			820	408
			821	408
			822	408
			823	408
			824	408
			825	408
			826	407
			827	407
			828	407
			829	407
			830	407
			831	407
			832	407
			833	407
			834	407
			835	407
			836	407
			837	407
			838	407
			839	407
			840	407
			841	407
			842	407
			843	407
			844	407
			845	407
			846	407
			847	407
			848	407
			849	407
			850	407
			851	407
			852	406
			853	406
			854	406
			855	406
			856	406
			857	406
			858	406
			859	406
			860	406
			861	406
			862	406
			863	406
			864	406
			865	406
			866	406
			867	406
			868	406
			869	406
			870	406
			871	406
			872	406
			873	406
			874	406
			875	406
			876	406
			877	406
			878	406
			879	406
			880	406
			881	406
			882	406
			883	406
			884	406
			885	406
			886	405
			887	405
			888	405
			889	405
			890	405
			891	405
			892	405
			893	405
			894	405
			895	405
			896	405
			897	405
			898	405
			899	405
			900	405
			901	405
			902	405
			903	405
			904	405
			905	405
			906	405
			907	405
			908	405
			909	405
			910	405
			911	405
			912	405
			913	405
			914	405
			915	405
			916	405
			917	405
			918	405
			919	405
			920	405
			921	405
			922	405
			923	405
			924	405
			925	405
			926	405
			927	405
			928	405
			929	405
			930	405
			931	405
			932	405
			933	405
			934	405
			935	405
			936	405
			937	405
			938	405
			939	405
			940	405
			941	405
			942	405
			943	405
			944	405
			945	405
			946	405
			947	405
			948	405
			949	405
			950	405
			951	405
			952	405
			953	405
			954	405
			955	405
			956	405
			957	405
			958	405
			959	405
			960	405
			961	405
			962	405
			963	405
			964	405
			965	405
			966	405
			967	405
			968	405
			969	405
			970	405
			971	405
			972	405
			973	405
			974	405
			975	405
			976	405
			977	405
			978	405
			979	405
			980	405
			981	405
			982	405
			983	405
			984	405
			985	405
			986	405
			987	405
			988	405
			989	405
			990	405
			991	405
			992	405
			993	405
			994	405
			995	405
			996	405
			997	405
			998	405
			999	405
			1000	405
			1001	405
			1002	405
			1003	405
			1004	405
			1005	405
			1006	405
			1007	405
			1008	405
			1009	405
			1010	405
			1011	405
			1012	405
			1013	405
			1014	405
			1015	405
			1016	405
			1017	405
			1018	405
			1019	405
			1020	405
			1021	405
			1022	405
			1023	405
			1024	405
			1025	405
			1026	405
			1027	405
			1028	405
			1029	405
			1030	405
			1031	405
			1032	406
			1033	406
			1034	406
			1035	406
			1036	406
			1037	406
			1038	406
			1039	406
			1040	406
			1041	406
			1042	406
			1043	406
			1044	406
			1045	406
			1046	406
			1047	406
			1048	406
			1049	406
			1050	406
			1051	406
			1052	406
			1053	406
			1054	406
			1055	406
			1056	406
			1057	406
			1058	406
			1059	406
			1060	406
			1061	406
			1062	406
			1063	406
			1064	406
			1065	406
			1066	406
			1067	406
			1068	406
			1069	406
			1069	407
			1070	407
			1071	407
			1072	407
			1073	407
			1074	407
			1075	407
			1076	407
			1077	407
			1078	407
			1079	407
			1080	407
			1081	407
			1082	407
			1083	407
			1084	407
			1085	407
			1086	407
			1087	407
			1088	407
			1089	407
			1090	407
			1091	407
			1092	407
			1093	407
			1094	407
			1095	407
			1096	407
			1096	408
			1097	408
			1098	408
			1099	408
			1100	408
			1101	408
			1102	408
			1103	408
			1104	408
			1105	408
			1106	408
			1107	408
			1108	408
			1109	408
			1110	408
			1111	408
			1112	408
			1113	408
			1114	408
			1115	408
			1116	408
			1117	408
			1118	408
			1119	408
			1120	409
			1121	409
			1122	409
			1123	409
			1124	409
			1125	409
			1126	409
			1127	409
			1128	409
			1129	409
			1130	409
			1131	409
			1132	409
			1133	409
			1134	409
			1135	409
			1136	409
			1137	409
			1138	409
			1139	409
			1140	410
			1141	410
			1142	410
			1143	410
			1144	410
			1145	410
			1146	410
			1147	410
			1148	410
			1149	410
			1150	410
			1151	410
			1152	410
			1153	410
			1154	410
			1155	410
			1156	410
			1157	410
			1158	410
			1159	411
			1160	411
			1161	411
			1162	411
			1163	411
			1164	411
			1165	411
			1166	411
			1167	411
			1168	411
			1169	411
			1170	411
			1171	411
			1172	411
			1173	411
			1174	411
			1175	411
			1176	412
			1177	412
			1178	412
			1179	412
			1180	412
			1181	412
			1182	412
			1183	412
			1184	412
			1185	412
			1186	412
			1187	412
			1188	412
			1189	412
			1190	412
			1191	412
			1192	413
			1193	413
			1194	413
			1195	413
			1196	413
			1197	413
			1198	413
			1199	413
			1200	413
			1201	413
			1202	413
			1203	413
			1204	413
			1205	413
			1206	413
			1207	414
			1208	414
			1209	414
			1210	414
			1211	414
			1212	414
			1213	414
			1214	414
			1215	414
			1216	414
			1217	414
			1218	414
			1219	414
			1220	415
			1221	415
			1222	415
			1223	415
			1224	415
			1225	415
			1226	415
			1227	415
			1228	415
			1229	415
			1230	416
			1231	416
			1232	416
			1233	416
			1234	416
			1235	416
			1236	416
			1237	416
			1238	416
			1239	416
			1240	416
			1241	417
			1242	417
			1243	417
			1244	417
			1245	417
			1246	417
			1247	417
			1248	417
			1249	417
			1250	417
			1251	418
			1252	418
			1253	418
			1254	418
			1255	418
			1256	418
			1257	418
			1258	418
			1259	418
			1260	418
			1261	419
			1262	419
			1263	419
			1264	419
			1265	419
			1266	419
			1267	419
			1268	419
			1269	419
			1270	419
			1271	420
			1272	420
			1273	420
			1274	420
			1275	420
			1276	420
			1277	420
			1278	420
			1279	420
			1280	420
			1281	421
			1282	421
			1283	421
			1284	421
			1285	421
			1286	421
			1287	421
			1288	421
			1289	421
			1290	422
			1291	422
			1292	422
			1293	422
			1294	422
			1295	422
			1296	422
			1297	422
			1298	422
			1299	422
			1300	423
			1301	423
			1302	423
			1303	423
			1304	423
			1305	423
			1306	423
			1307	423
			1308	423
			1309	424
			1310	424
			1311	424
			1312	424
			1313	424
			1314	424
			1315	424
			1316	424
			1317	424
			1318	425
			1319	425
			1320	425
			1321	425
			1322	425
			1323	425
			1324	425
			1325	425
			1326	425
			1327	425
			1327	426
			1328	426
			1329	426
			1330	426
			1331	426
			1332	426
			1333	426
			1334	426
			1335	426
			1336	427
			1337	427
			1338	427
			1339	427
			1340	427
			1341	427
			1342	427
			1343	427
			1344	427
			1345	428
			1346	428
			1347	428
			1348	428
			1349	428
			1350	428
			1351	428
			1352	428
			1353	428
			1354	429
			1355	429
			1356	429
			1357	429
			1358	429
			1359	429
			1360	429
			1361	429
			1362	430
			1363	430
			1364	430
			1365	430
			1366	430
			1367	430
			1368	430
			1369	430
			1370	431
			1371	431
			1372	431
			1373	431
			1374	431
			1375	431
			1376	431
			1377	431
			1378	432
			1379	432
			1380	432
			1381	432
			1382	432
			1383	432
			1384	432
			1385	432
			1386	433
			1387	433
			1388	433
			1389	433
			1390	433
			1391	433
			1392	433
			1393	433
			1394	434
			1395	434
			1396	434
			1397	434
			1398	434
			1399	434
			1400	434
			1401	434
			1401	435
			1402	435
			1403	435
			1404	435
			1405	435
			1406	435
			1407	435
			1408	435
			1409	436
			1410	436
			1411	436
			1412	436
			1413	436
			1414	436
			1415	436
			1416	437
			1417	437
			1418	437
			1419	437
			1420	437
			1421	437
			1422	437
			1423	437
			1423	438
			1424	438
			1425	438
			1426	438
			1427	438
			1428	438
			1429	438
			1430	438
			1431	439
			1432	439
			1433	439
			1434	439
			1435	439
			1436	439
			1437	440
			1438	440
			1439	440
			1440	440
			1441	440
			1442	440
			1443	440
			1444	441
			1445	441
			1446	441
			1447	441
			1448	441
			1449	441
			1450	441
			1450	442
			1451	442
			1452	442
			1453	442
			1454	442
			1455	442
			1456	442
			1457	443
			1458	443
			1459	443
			1460	443
			1461	443
			1462	443
			1463	444
			1464	444
			1465	444
			1466	444
			1467	444
			1468	444
			1469	444
			1470	445
			1471	445
			1472	445
			1473	445
			1474	445
			1475	445
			1475	446
			1476	446
			1477	446
			1478	446
			1479	446
			1480	446
			1481	447
			1482	447
			1483	447
			1484	447
			1485	447
			1486	447
			1487	448
			1488	448
			1489	448
			1490	448
			1491	448
			1492	449
			1493	449
			1494	449
			1495	449
			1496	449
			1497	449
			1497	450
			1498	450
			1499	450
			1500	450
			1501	450
			1502	450
			1503	451
			1504	451
			1505	451
			1506	451
			1507	451
			1507	452
			1508	452
			1509	452
			1510	452
			1511	452
			1512	453
			1513	453
			1514	453
			1515	453
			1516	453
			1517	454
			1518	454
			1519	454
		</curveLM09>
		<curveLM10 type=matrix rownames=FALSE colnames=FALSE nrow=467 ncol=2 as.numeric=TRUE >
			1519	454
			1520	454
			1521	454
			1522	454
			1523	455
			1524	455
			1525	455
			1526	456
			1527	456
			1527	457
			1528	457
			1529	458
			1530	459
			1531	460
			1532	461
			1532	462
			1533	463
			1533	464
			1534	465
			1534	466
			1535	467
			1535	468
			1535	469
			1536	470
			1536	471
			1536	472
			1536	473
			1536	474
			1537	475
			1537	476
			1537	477
			1537	478
			1537	479
			1537	480
			1537	481
			1537	482
			1537	483
			1537	484
			1537	485
			1537	486
			1537	487
			1537	488
			1537	489
			1537	490
			1537	491
			1537	492
			1537	493
			1537	494
			1537	495
			1537	496
			1537	497
			1537	498
			1537	499
			1536	500
			1536	501
			1536	502
			1536	503
			1536	504
			1536	505
			1536	506
			1536	507
			1535	508
			1535	509
			1535	510
			1535	511
			1535	512
			1535	513
			1534	514
			1534	515
			1534	516
			1534	517
			1534	518
			1533	519
			1533	520
			1533	521
			1533	522
			1533	523
			1532	524
			1532	525
			1532	526
			1532	527
			1532	528
			1531	529
			1531	530
			1531	531
			1531	532
			1530	533
			1530	534
			1530	535
			1530	536
			1529	537
			1529	538
			1529	539
			1529	540
			1528	541
			1528	542
			1528	543
			1528	544
			1527	545
			1527	546
			1527	547
			1527	548
			1526	549
			1526	550
			1526	551
			1526	552
			1525	553
			1525	554
			1525	555
			1524	556
			1524	557
			1524	558
			1524	559
			1523	560
			1523	561
			1523	562
			1522	563
			1522	564
			1522	565
			1522	566
			1521	567
			1521	568
			1521	569
			1520	570
			1520	571
			1520	572
			1519	573
			1519	574
			1519	575
			1518	576
			1518	577
			1518	578
			1518	579
			1517	580
			1517	581
			1517	582
			1516	583
			1516	584
			1516	585
			1515	586
			1515	587
			1515	588
			1514	589
			1514	590
			1514	591
			1513	592
			1513	593
			1513	594
			1512	595
			1512	596
			1512	597
			1511	598
			1511	599
			1511	600
			1510	601
			1510	602
			1510	603
			1509	604
			1509	605
			1509	606
			1508	607
			1508	608
			1508	609
			1507	610
			1507	611
			1506	612
			1506	613
			1506	614
			1505	615
			1505	616
			1505	617
			1504	618
			1504	619
			1504	620
			1503	621
			1503	622
			1502	623
			1502	624
			1502	625
			1502	626
			1501	626
			1501	627
			1501	628
			1500	629
			1500	630
			1500	631
			1499	632
			1499	633
			1498	634
			1498	635
			1498	636
			1497	637
			1497	638
			1497	639
			1496	640
			1496	641
			1496	642
			1495	643
			1495	644
			1494	645
			1494	646
			1494	647
			1493	648
			1493	649
			1493	650
			1492	651
			1492	652
			1491	653
			1491	654
			1491	655
			1490	656
			1490	657
			1489	658
			1489	659
			1489	660
			1488	661
			1488	662
			1488	663
			1487	664
			1487	665
			1487	666
			1486	667
			1486	668
			1486	669
			1485	669
			1485	670
			1485	671
			1484	672
			1484	673
			1484	674
			1483	675
			1483	676
			1482	677
			1482	678
			1482	679
			1481	680
			1481	681
			1481	682
			1480	683
			1480	684
			1480	685
			1479	686
			1479	687
			1478	688
			1478	689
			1478	690
			1477	691
			1477	692
			1477	693
			1476	694
			1476	695
			1476	696
			1475	697
			1475	698
			1475	699
			1474	700
			1474	701
			1473	702
			1473	703
			1473	704
			1472	705
			1472	706
			1472	707
			1471	708
			1471	709
			1471	710
			1470	711
			1470	712
			1470	713
			1469	714
			1469	715
			1468	716
			1468	717
			1468	718
			1467	719
			1467	720
			1466	721
			1466	722
			1466	723
			1466	724
			1465	724
			1465	725
			1465	726
			1464	727
			1464	728
			1464	729
			1463	730
			1463	731
			1462	732
			1462	733
			1462	734
			1461	735
			1461	736
			1461	737
			1460	737
			1460	738
			1460	739
			1459	740
			1459	741
			1459	742
			1458	743
			1458	744
			1458	745
			1457	746
			1457	747
			1456	748
			1456	749
			1456	750
			1455	751
			1455	752
			1455	753
			1454	754
			1454	755
			1453	756
			1453	757
			1453	758
			1452	759
			1452	760
			1452	761
			1451	762
			1451	763
			1450	764
			1450	765
			1449	766
			1449	767
			1449	768
			1448	769
			1448	770
			1447	771
			1447	772
			1447	773
			1446	774
			1446	775
			1446	776
			1445	777
			1445	778
			1444	779
			1444	780
			1444	781
			1443	782
			1443	783
			1442	784
			1442	785
			1442	786
			1441	787
			1441	788
			1441	789
			1440	790
			1440	791
			1440	792
			1439	793
			1439	794
			1438	794
			1438	795
			1438	796
			1437	797
			1437	798
			1437	799
			1436	800
			1436	801
			1436	802
			1435	802
			1435	803
			1434	804
			1434	805
			1434	806
			1433	807
			1433	808
			1432	809
			1432	810
			1432	811
			1431	812
			1431	813
			1430	814
			1430	815
			1429	816
			1429	817
			1429	818
			1428	819
			1428	820
			1427	821
			1427	822
			1427	823
			1426	824
			1426	825
			1425	826
			1425	827
			1424	828
			1424	829
			1424	830
			1423	831
			1423	832
			1422	833
			1422	834
			1421	835
			1421	836
			1421	837
			1420	837
			1420	838
			1420	839
			1419	840
			1419	841
			1418	842
			1418	843
			1417	844
			1417	845
			1417	846
			1416	846
			1416	847
			1416	848
			1415	849
			1415	850
			1414	851
			1414	852
			1413	853
			1413	854
			1412	855
			1412	856
			1412	857
			1411	857
			1411	858
			1410	859
			1410	860
			1410	861
			1409	862
			1408	863
			1408	864
			1407	865
			1407	866
			1407	867
			1406	868
			1406	869
			1405	870
			1404	871
			1404	872
			1403	873
			1403	874
			1402	875
			1402	876
			1401	877
			1401	878
			1400	879
			1400	880
			1399	880
			1399	881
			1398	882
			1398	883
			1397	884
			1396	885
			1395	886
			1395	887
			1394	888
			1394	889
			1393	889
			1393	890
			1392	891
			1391	892
			1391	893
			1390	894
			1389	895
			1388	896
			1387	897
			1386	897
			1385	898
			1384	899
			1383	899
			1382	899
		</curveLM10>
		<curveLM11 type=matrix rownames=FALSE colnames=FALSE nrow=593 ncol=2 as.numeric=TRUE >
			1382	899
			1381	899
			1380	900
			1379	900
			1378	900
			1377	900
			1376	900
			1375	900
			1374	900
			1373	900
			1372	900
			1371	900
			1370	900
			1369	900
			1368	900
			1367	900
			1366	900
			1365	900
			1364	899
			1363	899
			1362	899
			1361	899
			1360	899
			1359	898
			1358	898
			1357	898
			1356	897
			1355	897
			1354	897
			1353	896
			1352	896
			1351	896
			1350	895
			1349	895
			1348	895
			1347	894
			1346	894
			1345	893
			1344	893
			1343	892
			1342	892
			1341	892
			1340	891
			1339	891
			1338	890
			1337	890
			1336	889
			1335	888
			1334	888
			1333	888
			1332	887
			1331	887
			1330	886
			1329	886
			1328	885
			1327	885
			1326	884
			1325	883
			1324	883
			1323	882
			1322	882
			1321	881
			1320	881
			1319	880
			1318	879
			1317	879
			1316	878
			1315	878
			1314	877
			1313	877
			1312	876
			1311	875
			1310	875
			1309	874
			1308	874
			1307	873
			1306	873
			1305	872
			1304	872
			1303	871
			1302	870
			1301	870
			1300	869
			1299	869
			1298	868
			1297	868
			1296	867
			1295	867
			1294	866
			1293	866
			1292	865
			1291	864
			1290	864
			1289	863
			1288	863
			1287	862
			1286	862
			1285	861
			1284	861
			1283	860
			1282	860
			1281	859
			1280	858
			1279	858
			1278	857
			1277	857
			1276	856
			1275	856
			1274	855
			1273	854
			1272	854
			1271	853
			1270	853
			1269	852
			1268	851
			1267	851
			1266	851
			1265	850
			1264	850
			1264	849
			1263	849
			1262	848
			1261	848
			1260	847
			1259	847
			1259	846
			1258	846
			1257	846
			1256	845
			1255	845
			1255	844
			1254	844
			1253	843
			1252	843
			1251	842
			1250	841
			1249	841
			1248	840
			1247	840
			1246	839
			1245	839
			1244	838
			1243	838
			1242	837
			1241	837
			1240	836
			1239	836
			1238	835
			1237	834
			1236	834
			1235	833
			1234	833
			1233	832
			1232	832
			1231	831
			1230	831
			1230	830
			1229	830
			1228	829
			1227	829
			1226	828
			1225	828
			1224	827
			1223	827
			1222	826
			1221	825
			1220	825
			1219	824
			1218	824
			1217	823
			1216	823
			1215	822
			1214	822
			1214	821
			1213	821
			1212	820
			1211	820
			1210	819
			1209	819
			1208	818
			1207	818
			1206	817
			1205	817
			1204	816
			1203	816
			1202	815
			1201	815
			1201	814
			1200	814
			1199	813
			1198	813
			1197	812
			1196	812
			1195	811
			1194	811
			1193	810
			1192	810
			1191	809
			1190	809
			1190	808
			1189	808
			1188	807
			1187	807
			1186	806
			1185	806
			1184	805
			1183	805
			1182	804
			1181	804
			1181	803
			1180	803
			1179	802
			1178	802
			1177	801
			1176	801
			1175	800
			1174	800
			1173	799
			1172	798
			1171	798
			1170	797
			1169	797
			1168	796
			1167	796
			1166	795
			1165	794
			1164	794
			1163	794
			1163	793
			1162	793
			1161	792
			1160	792
			1159	791
			1158	791
			1157	790
			1156	790
			1155	789
			1154	789
			1153	788
			1152	787
			1151	787
			1150	786
			1149	786
			1148	785
			1147	785
			1146	784
			1145	783
			1144	783
			1143	783
			1143	782
			1142	782
			1141	781
			1140	781
			1140	780
			1139	780
			1138	780
			1137	779
			1136	778
			1135	778
			1134	777
			1133	777
			1132	776
			1131	776
			1130	775
			1129	775
			1129	774
			1128	774
			1127	773
			1126	773
			1125	772
			1124	772
			1123	771
			1122	771
			1121	770
			1120	770
			1119	769
			1118	768
			1117	768
			1116	768
			1116	767
			1115	767
			1114	767
			1114	766
			1113	766
			1112	766
			1112	765
			1111	765
			1110	764
			1109	763
			1108	763
			1107	763
			1106	762
			1105	761
			1104	761
			1103	760
			1102	760
			1101	759
			1100	759
			1100	758
			1099	758
			1098	758
			1097	757
			1096	757
			1095	756
			1094	756
			1093	755
			1092	755
			1092	754
			1091	754
			1090	753
			1089	753
			1088	752
			1087	752
			1086	751
			1085	751
			1085	750
			1084	750
			1083	749
			1082	749
			1081	748
			1080	748
			1079	747
			1078	747
			1077	746
			1076	745
			1075	745
			1074	744
			1073	744
			1072	743
			1071	743
			1070	742
			1069	742
			1068	741
			1067	741
			1066	740
			1065	740
			1064	739
			1063	739
			1062	738
			1061	737
			1060	737
			1059	736
			1058	736
			1057	735
			1056	735
			1056	734
			1055	734
			1054	734
			1053	733
			1052	733
			1051	732
			1050	732
			1050	731
			1049	731
			1048	730
			1047	730
			1046	729
			1045	729
			1044	728
			1043	728
			1042	727
			1041	726
			1040	726
			1039	725
			1038	725
			1037	724
			1036	724
			1035	723
			1034	723
			1033	722
			1032	722
			1031	721
			1030	721
			1029	720
			1028	720
			1027	719
			1026	718
			1025	718
			1024	717
			1023	717
			1022	716
			1021	716
			1020	715
			1019	715
			1018	714
			1017	714
			1016	713
			1015	713
			1015	712
			1014	712
			1013	711
			1012	711
			1011	710
			1010	710
			1009	709
			1008	709
			1007	708
			1006	708
			1005	707
			1004	707
			1003	706
			1002	706
			1001	705
			1000	704
			999	704
			998	703
			997	703
			996	702
			995	702
			994	701
			993	701
			992	700
			991	699
			990	699
			989	698
			988	698
			987	697
			986	697
			985	696
			984	696
			983	696
			982	695
			981	694
			980	693
			979	693
			978	693
			978	692
			977	692
			976	692
			976	691
			975	691
			974	691
			974	690
			973	690
			972	690
			972	689
			971	689
			970	688
			969	688
			968	687
			967	687
			966	686
			965	686
			964	685
			963	685
			962	684
			961	684
			960	683
			959	682
			958	682
			957	681
			956	681
			955	681
			955	680
			954	680
			953	680
			953	679
			952	679
			951	678
			950	678
			949	677
			948	677
			947	676
			946	676
			945	675
			944	675
			943	674
			942	674
			942	673
			941	673
			940	672
			939	672
			938	671
			937	671
			936	671
			936	670
			935	670
			934	669
			933	669
			932	668
			931	668
			930	667
			929	667
			928	666
			927	666
			926	665
			925	664
			924	664
			923	663
			922	663
			921	662
			920	662
			919	661
			918	661
			917	660
			916	660
			915	659
			914	659
			913	658
			912	658
			911	657
			910	657
			910	656
			909	656
			908	656
			907	655
			906	655
			905	654
			904	654
			903	653
			902	653
			901	652
			900	652
			899	651
			898	650
			897	650
			896	649
			895	649
			894	648
			893	648
			892	648
			892	647
			891	647
			890	647
			890	646
			889	646
			888	645
			887	645
			886	644
			885	644
			884	643
			883	643
			882	642
			881	642
			880	641
			879	641
			878	640
			877	640
			876	640
			876	639
			875	639
			874	638
			873	638
			872	637
			871	637
			870	636
			869	636
			868	635
			867	635
			866	634
			865	634
			864	633
			863	633
			862	632
			861	632
			860	632
			860	631
			859	631
			858	630
			857	630
			856	629
			855	629
			854	628
			853	628
			852	627
			851	627
			850	626
			849	626
			848	625
			847	625
			846	624
			845	624
			844	623
			843	623
			842	622
			841	622
			840	622
			839	621
			838	621
			837	620
			836	619
			835	619
			834	618
			833	618
			832	618
			831	617
			830	617
			829	616
			828	616
			827	615
			826	615
			825	614
			824	614
		</curveLM11>
		<curveLM12 type=matrix rownames=FALSE colnames=FALSE nrow=29 ncol=2 as.numeric=TRUE >
			824	614
			823	615
			822	616
			821	617
			821	618
			820	619
			819	620
			818	621
			818	622
			817	622
			816	623
			815	624
			815	625
			814	626
			813	627
			812	628
			812	629
			811	630
			810	631
			810	632
			809	633
			808	634
			808	635
			807	636
			806	637
			806	638
			805	639
			804	640
			804	641
		</curveLM12>
		<curveLM13 type=matrix rownames=FALSE colnames=FALSE nrow=313 ncol=2 as.numeric=TRUE >
			804	641
			803	641
			802	641
			801	641
			800	641
			799	641
			798	641
			797	641
			796	641
			795	641
			794	642
			793	642
			792	642
			791	642
			790	642
			789	642
			788	642
			787	642
			786	642
			785	642
			784	642
			783	642
			782	642
			781	642
			780	643
			779	643
			778	643
			777	643
			776	643
			775	643
			774	643
			773	643
			772	643
			771	643
			770	643
			769	643
			768	644
			767	644
			766	644
			765	644
			764	644
			763	644
			762	644
			761	644
			760	644
			759	644
			758	645
			757	645
			756	645
			755	645
			754	645
			753	645
			752	645
			751	645
			750	645
			749	646
			748	646
			747	646
			746	646
			745	646
			744	646
			743	646
			742	646
			741	647
			740	647
			739	647
			738	647
			737	647
			736	647
			735	647
			734	648
			733	648
			732	648
			731	648
			730	648
			729	648
			728	648
			727	649
			726	649
			725	649
			724	649
			723	649
			722	649
			721	649
			720	650
			719	650
			718	650
			717	650
			716	650
			715	651
			714	651
			713	651
			712	651
			711	651
			710	652
			709	652
			708	652
			707	652
			706	652
			705	653
			704	653
			703	653
			702	653
			701	653
			700	654
			699	654
			698	654
			697	654
			696	655
			695	655
			694	655
			693	655
			692	656
			691	656
			690	656
			689	656
			688	657
			687	657
			686	657
			685	657
			684	657
			683	658
			682	658
			681	658
			680	658
			679	658
			678	658
			677	658
			676	658
			675	658
			674	659
			673	659
			672	659
			671	659
			670	659
			669	659
			668	659
			667	659
			666	659
			665	660
			664	660
			663	660
			662	660
			661	660
			660	660
			659	660
			658	660
			657	660
			656	660
			655	661
			654	661
			653	661
			652	661
			651	661
			650	661
			649	661
			648	661
			647	661
			646	661
			645	661
			644	661
			643	662
			642	662
			641	662
			640	662
			639	662
			638	662
			637	662
			636	662
			635	662
			634	662
			633	662
			632	663
			631	663
			630	663
			629	663
			628	663
			627	663
			626	663
			625	663
			624	663
			623	663
			622	663
			621	663
			620	663
			619	663
			618	664
			617	664
			616	664
			615	664
			614	664
			613	664
			612	664
			611	664
			610	664
			609	664
			608	664
			607	664
			606	664
			605	664
			604	664
			603	664
			602	664
			601	664
			600	664
			599	665
			598	665
			597	665
			596	665
			595	665
			594	665
			593	665
			592	665
			591	665
			590	665
			589	665
			588	665
			587	665
			586	665
			585	665
			584	665
			583	665
			582	665
			581	665
			580	665
			579	665
			578	665
			577	665
			576	665
			575	665
			574	665
			573	665
			572	665
			571	665
			570	665
			569	665
			568	665
			567	665
			566	665
			565	665
			564	665
			563	665
			562	665
			561	665
			560	665
			559	665
			558	665
			557	665
			556	665
			555	665
			554	664
			553	664
			552	664
			551	664
			550	664
			549	664
			548	664
			547	664
			546	664
			545	664
			544	664
			543	664
			542	664
			541	664
			540	663
			539	663
			538	663
			537	663
			536	663
			535	663
			534	663
			533	663
			532	662
			531	662
			530	662
			529	662
			528	662
			527	662
			526	661
			525	661
			524	661
			523	661
			522	660
			521	660
			520	660
			519	660
			518	660
			518	659
			517	659
			516	659
			515	659
			514	659
			514	658
			513	658
			512	658
			511	658
			511	657
			510	657
			509	657
			508	656
			507	656
			506	655
			505	655
			504	655
			504	654
			503	654
			502	654
			502	653
			501	653
			500	652
			499	652
			498	651
			497	650
		</curveLM13>
		<curveLM14 type=matrix rownames=FALSE colnames=FALSE nrow=252 ncol=2 as.numeric=TRUE >
			497	650
			497	649
			497	648
			496	647
			496	646
			496	645
			496	644
			496	643
			496	642
			496	641
			495	640
			495	639
			495	638
			495	637
			495	636
			495	635
			495	634
			495	633
			495	632
			495	631
			494	630
			494	629
			494	628
			494	627
			494	626
			494	625
			494	624
			494	623
			494	622
			494	621
			494	620
			494	619
			494	618
			493	617
			493	616
			493	615
			493	614
			493	613
			493	612
			493	611
			493	610
			493	609
			493	608
			493	607
			493	606
			493	605
			493	604
			493	603
			492	602
			492	601
			492	600
			492	599
			492	598
			492	597
			492	596
			492	595
			492	594
			492	593
			492	592
			492	591
			492	590
			492	589
			492	588
			492	587
			492	586
			492	585
			492	584
			492	583
			492	582
			491	582
			491	581
			491	580
			491	579
			491	578
			491	577
			491	576
			491	575
			491	574
			491	573
			491	572
			491	571
			491	570
			491	569
			491	568
			491	567
			491	566
			491	565
			491	564
			491	563
			491	562
			491	561
			491	560
			491	559
			491	558
			490	557
			490	556
			490	555
			490	554
			490	553
			490	552
			490	551
			490	550
			490	549
			490	548
			490	547
			490	546
			490	545
			490	544
			490	543
			490	542
			490	541
			490	540
			490	539
			490	538
			490	537
			490	536
			490	535
			490	534
			490	533
			490	532
			490	531
			490	530
			490	529
			490	528
			490	527
			490	526
			489	525
			489	524
			489	523
			489	522
			489	521
			489	520
			489	519
			489	518
			489	517
			489	516
			489	515
			489	514
			489	513
			489	512
			489	511
			489	510
			489	509
			489	508
			489	507
			489	506
			489	505
			489	504
			489	503
			489	502
			489	501
			489	500
			489	499
			489	498
			489	497
			489	496
			489	495
			489	494
			489	493
			489	492
			489	491
			489	490
			489	489
			489	488
			489	487
			489	486
			489	485
			488	484
			488	483
			488	482
			488	481
			488	480
			488	479
			488	478
			488	477
			488	476
			488	475
			488	474
			488	473
			488	472
			488	471
			488	470
			488	469
			488	468
			488	467
			488	466
			488	465
			488	464
			488	463
			488	462
			488	461
			488	460
			488	459
			488	458
			488	457
			488	456
			487	455
			487	454
			487	453
			487	452
			487	451
			487	450
			487	449
			487	448
			487	447
			487	446
			487	445
			487	444
			486	443
			486	442
			486	441
			486	440
			486	439
			486	438
			486	437
			486	436
			486	435
			486	434
			486	433
			486	432
			486	431
			486	430
			486	429
			486	428
			486	427
			486	426
			486	425
			486	424
			487	423
			487	422
			487	421
			487	420
			487	419
			487	418
			487	417
			487	416
			488	415
			488	414
			488	413
			488	412
			488	411
			489	410
			489	409
			489	408
			490	407
			490	406
			490	405
			490	404
			491	404
			491	403
			491	402
			492	401
		</curveLM14>
	</curves.pixel>
	<curves.scaled type=list>
		<curveLM08 type=matrix rownames=FALSE colnames=FALSE nrow=272 ncol=2 as.numeric=TRUE >
			98.4	-80.2
			98.6	-80.2
			98.8	-80
			99	-80
			99.2	-79.8
			99.4	-79.8
			99.6	-79.6
			99.8	-79.6
			100	-79.6
			100.2	-79.4
			100.4	-79.4
			100.6	-79.4
			100.8	-79.2
			101	-79.2
			101.2	-79.2
			101.4	-79.2
			101.6	-79
			101.8	-79
			102	-79
			102.2	-79
			102.4	-79
			102.6	-78.8
			102.8	-78.8
			103	-78.8
			103.2	-78.8
			103.4	-78.8
			103.6	-78.6
			103.8	-78.6
			104	-78.6
			104.2	-78.6
			104.4	-78.6
			104.6	-78.6
			104.8	-78.6
			105	-78.4
			105.2	-78.4
			105.4	-78.4
			105.6	-78.4
			105.8	-78.4
			106	-78.4
			106.2	-78.4
			106.4	-78.4
			106.6	-78.4
			106.8	-78.2
			107	-78.2
			107.2	-78.2
			107.4	-78.2
			107.6	-78.2
			107.8	-78.2
			108	-78.2
			108.2	-78.2
			108.4	-78.2
			108.6	-78.2
			108.8	-78.2
			109	-78.2
			109.2	-78
			109.4	-78
			109.6	-78
			109.8	-78
			110	-78
			110.2	-78
			110.4	-78
			110.6	-78
			110.8	-78
			111	-78
			111.2	-78
			111.4	-78
			111.6	-78
			111.8	-78
			112	-78
			112.2	-78
			112.4	-78
			112.6	-78
			112.8	-78
			113	-78
			113.2	-77.8
			113.4	-77.8
			113.6	-77.8
			113.8	-77.8
			114	-77.8
			114.2	-77.8
			114.4	-77.8
			114.6	-77.8
			114.8	-77.8
			115	-77.8
			115.2	-77.8
			115.4	-77.8
			115.6	-77.8
			115.8	-77.8
			116	-77.8
			116.2	-77.8
			116.4	-77.8
			116.6	-77.8
			116.8	-77.8
			117	-77.8
			117.2	-77.8
			117.4	-77.8
			117.6	-77.8
			117.8	-77.8
			118	-77.8
			118.2	-77.8
			118.4	-77.8
			118.6	-77.8
			118.8	-77.8
			119	-77.8
			119.2	-77.8
			119.4	-77.8
			119.6	-77.8
			119.8	-77.8
			120	-77.8
			120.2	-77.8
			120.4	-77.8
			120.6	-77.8
			120.8	-77.8
			121	-77.8
			121.2	-77.8
			121.4	-77.8
			121.6	-77.8
			121.8	-77.8
			122	-77.8
			122.2	-77.8
			122.4	-77.8
			122.6	-77.8
			122.8	-77.8
			123	-77.8
			123.2	-77.8
			123.4	-77.8
			123.6	-77.8
			123.8	-77.8
			124	-77.8
			124.2	-77.8
			124.4	-77.8
			124.6	-77.8
			124.8	-77.8
			125	-77.8
			125.2	-77.8
			125.4	-77.8
			125.6	-77.8
			125.8	-77.8
			126	-77.8
			126.2	-77.8
			126.4	-77.8
			126.6	-77.8
			126.8	-77.8
			127	-77.8
			127.2	-77.8
			127.4	-77.8
			127.6	-77.8
			127.8	-77.8
			128	-78
			128.2	-78
			128.4	-78
			128.6	-78
			128.8	-78
			129	-78
			129.2	-78
			129.4	-78
			129.6	-78
			129.8	-78
			130	-78
			130.2	-78
			130.4	-78
			130.6	-78
			130.8	-78
			131	-78
			131.2	-78
			131.4	-78
			131.6	-78
			131.8	-78
			132	-78
			132.2	-78
			132.4	-78
			132.6	-78
			132.8	-78
			133	-78
			133.2	-78
			133.4	-78
			133.6	-78
			133.8	-78
			134	-78
			134.2	-78.2
			134.4	-78.2
			134.6	-78.2
			134.8	-78.2
			135	-78.2
			135.2	-78.2
			135.4	-78.2
			135.6	-78.2
			135.8	-78.2
			136	-78.2
			136.2	-78.2
			136.4	-78.2
			136.6	-78.2
			136.8	-78.2
			137	-78.2
			137.2	-78.2
			137.4	-78.4
			137.6	-78.4
			137.8	-78.4
			138	-78.4
			138.2	-78.4
			138.4	-78.4
			138.6	-78.6
			138.8	-78.6
			139	-78.6
			139.2	-78.6
			139.4	-78.6
			139.6	-78.8
			139.8	-78.8
			140	-78.8
			140.2	-78.8
			140.4	-78.8
			140.6	-79
			140.8	-79
			141	-79
			141.2	-79
			141.4	-79
			141.6	-79.2
			141.8	-79.2
			142	-79.2
			142.2	-79.2
			142.4	-79.4
			142.6	-79.4
			142.8	-79.4
			143	-79.4
			143.2	-79.6
			143.4	-79.6
			143.6	-79.6
			143.8	-79.6
			144	-79.8
			144.2	-79.8
			144.4	-79.8
			144.6	-79.8
			144.8	-80
			145	-80
			145.2	-80
			145.4	-80
			145.6	-80.2
			145.8	-80.2
			146	-80.2
			146.2	-80.2
			146.4	-80.4
			146.6	-80.4
			146.8	-80.4
			147	-80.4
			147.2	-80.6
			147.4	-80.6
			147.6	-80.6
			147.8	-80.8
			148	-80.8
			148.2	-80.8
			148.4	-80.8
			148.6	-81
			148.8	-81
			149	-81
			149.2	-81.2
			149.4	-81.2
			149.6	-81.2
			149.8	-81.4
			150	-81.4
			150.2	-81.4
			150.4	-81.4
			150.6	-81.6
			150.8	-81.6
			151	-81.6
			151.2	-81.8
			151.4	-81.8
			151.6	-81.8
			151.8	-82
			152	-82
			152.2	-82
			152.4	-82.2
			152.6	-82.2
		</curveLM08>
		<curveLM09 type=matrix rownames=FALSE colnames=FALSE nrow=766 ncol=2 as.numeric=TRUE >
			152.6	-82.2
			152.8	-82.2
			153	-82.2
			153.2	-82.2
			153.4	-82.2
			153.6	-82.2
			153.8	-82.2
			154	-82.2
			154.2	-82
			154.4	-82
			154.6	-82
			154.8	-82
			155	-82
			155.2	-82
			155.4	-82
			155.6	-82
			155.8	-82
			156	-82
			156.2	-82
			156.4	-82
			156.6	-82
			156.8	-82
			157	-82
			157.2	-82
			157.4	-82
			157.6	-81.8
			157.8	-81.8
			158	-81.8
			158.2	-81.8
			158.4	-81.8
			158.6	-81.8
			158.8	-81.8
			159	-81.8
			159.2	-81.8
			159.4	-81.8
			159.6	-81.8
			159.8	-81.8
			160	-81.8
			160.2	-81.8
			160.4	-81.8
			160.6	-81.8
			160.8	-81.8
			161	-81.6
			161.2	-81.6
			161.4	-81.6
			161.6	-81.6
			161.8	-81.6
			162	-81.6
			162.2	-81.6
			162.4	-81.6
			162.6	-81.6
			162.8	-81.6
			163	-81.6
			163.2	-81.6
			163.4	-81.6
			163.6	-81.6
			163.8	-81.6
			164	-81.6
			164.2	-81.6
			164.4	-81.6
			164.6	-81.6
			164.8	-81.6
			165	-81.6
			165.2	-81.4
			165.4	-81.4
			165.6	-81.4
			165.8	-81.4
			166	-81.4
			166.2	-81.4
			166.4	-81.4
			166.6	-81.4
			166.8	-81.4
			167	-81.4
			167.2	-81.4
			167.4	-81.4
			167.6	-81.4
			167.8	-81.4
			168	-81.4
			168.2	-81.4
			168.4	-81.4
			168.6	-81.4
			168.8	-81.4
			169	-81.4
			169.2	-81.4
			169.4	-81.4
			169.6	-81.4
			169.8	-81.4
			170	-81.4
			170.2	-81.4
			170.4	-81.2
			170.6	-81.2
			170.8	-81.2
			171	-81.2
			171.2	-81.2
			171.4	-81.2
			171.6	-81.2
			171.8	-81.2
			172	-81.2
			172.2	-81.2
			172.4	-81.2
			172.6	-81.2
			172.8	-81.2
			173	-81.2
			173.2	-81.2
			173.4	-81.2
			173.6	-81.2
			173.8	-81.2
			174	-81.2
			174.2	-81.2
			174.4	-81.2
			174.6	-81.2
			174.8	-81.2
			175	-81.2
			175.2	-81.2
			175.4	-81.2
			175.6	-81.2
			175.8	-81.2
			176	-81.2
			176.2	-81.2
			176.4	-81.2
			176.6	-81.2
			176.8	-81.2
			177	-81.2
			177.2	-81
			177.4	-81
			177.6	-81
			177.8	-81
			178	-81
			178.2	-81
			178.4	-81
			178.6	-81
			178.8	-81
			179	-81
			179.2	-81
			179.4	-81
			179.6	-81
			179.8	-81
			180	-81
			180.2	-81
			180.4	-81
			180.6	-81
			180.8	-81
			181	-81
			181.2	-81
			181.4	-81
			181.6	-81
			181.8	-81
			182	-81
			182.2	-81
			182.4	-81
			182.6	-81
			182.8	-81
			183	-81
			183.2	-81
			183.4	-81
			183.6	-81
			183.8	-81
			184	-81
			184.2	-81
			184.4	-81
			184.6	-81
			184.8	-81
			185	-81
			185.2	-81
			185.4	-81
			185.6	-81
			185.8	-81
			186	-81
			186.2	-81
			186.4	-81
			186.6	-81
			186.8	-81
			187	-81
			187.2	-81
			187.4	-81
			187.6	-81
			187.8	-81
			188	-81
			188.2	-81
			188.4	-81
			188.6	-81
			188.8	-81
			189	-81
			189.2	-81
			189.4	-81
			189.6	-81
			189.8	-81
			190	-81
			190.2	-81
			190.4	-81
			190.6	-81
			190.8	-81
			191	-81
			191.2	-81
			191.4	-81
			191.6	-81
			191.8	-81
			192	-81
			192.2	-81
			192.4	-81
			192.6	-81
			192.8	-81
			193	-81
			193.2	-81
			193.4	-81
			193.6	-81
			193.8	-81
			194	-81
			194.2	-81
			194.4	-81
			194.6	-81
			194.8	-81
			195	-81
			195.2	-81
			195.4	-81
			195.6	-81
			195.8	-81
			196	-81
			196.2	-81
			196.4	-81
			196.6	-81
			196.8	-81
			197	-81
			197.2	-81
			197.4	-81
			197.6	-81
			197.8	-81
			198	-81
			198.2	-81
			198.4	-81
			198.6	-81
			198.8	-81
			199	-81
			199.2	-81
			199.4	-81
			199.6	-81
			199.8	-81
			200	-81
			200.2	-81
			200.4	-81
			200.6	-81
			200.8	-81
			201	-81
			201.2	-81
			201.4	-81
			201.6	-81
			201.8	-81
			202	-81
			202.2	-81
			202.4	-81
			202.6	-81
			202.8	-81
			203	-81
			203.2	-81
			203.4	-81
			203.6	-81
			203.8	-81
			204	-81
			204.2	-81
			204.4	-81
			204.6	-81
			204.8	-81
			205	-81
			205.2	-81
			205.4	-81
			205.6	-81
			205.8	-81
			206	-81
			206.2	-81
			206.4	-81.2
			206.6	-81.2
			206.8	-81.2
			207	-81.2
			207.2	-81.2
			207.4	-81.2
			207.6	-81.2
			207.8	-81.2
			208	-81.2
			208.2	-81.2
			208.4	-81.2
			208.6	-81.2
			208.8	-81.2
			209	-81.2
			209.2	-81.2
			209.4	-81.2
			209.6	-81.2
			209.8	-81.2
			210	-81.2
			210.2	-81.2
			210.4	-81.2
			210.6	-81.2
			210.8	-81.2
			211	-81.2
			211.2	-81.2
			211.4	-81.2
			211.6	-81.2
			211.8	-81.2
			212	-81.2
			212.2	-81.2
			212.4	-81.2
			212.6	-81.2
			212.8	-81.2
			213	-81.2
			213.2	-81.2
			213.4	-81.2
			213.6	-81.2
			213.8	-81.2
			213.8	-81.4
			214	-81.4
			214.2	-81.4
			214.4	-81.4
			214.6	-81.4
			214.8	-81.4
			215	-81.4
			215.2	-81.4
			215.4	-81.4
			215.6	-81.4
			215.8	-81.4
			216	-81.4
			216.2	-81.4
			216.4	-81.4
			216.6	-81.4
			216.8	-81.4
			217	-81.4
			217.2	-81.4
			217.4	-81.4
			217.6	-81.4
			217.8	-81.4
			218	-81.4
			218.2	-81.4
			218.4	-81.4
			218.6	-81.4
			218.8	-81.4
			219	-81.4
			219.2	-81.4
			219.2	-81.6
			219.4	-81.6
			219.6	-81.6
			219.8	-81.6
			220	-81.6
			220.2	-81.6
			220.4	-81.6
			220.6	-81.6
			220.8	-81.6
			221	-81.6
			221.2	-81.6
			221.4	-81.6
			221.6	-81.6
			221.8	-81.6
			222	-81.6
			222.2	-81.6
			222.4	-81.6
			222.6	-81.6
			222.8	-81.6
			223	-81.6
			223.2	-81.6
			223.4	-81.6
			223.6	-81.6
			223.8	-81.6
			224	-81.8
			224.2	-81.8
			224.4	-81.8
			224.6	-81.8
			224.8	-81.8
			225	-81.8
			225.2	-81.8
			225.4	-81.8
			225.6	-81.8
			225.8	-81.8
			226	-81.8
			226.2	-81.8
			226.4	-81.8
			226.6	-81.8
			226.8	-81.8
			227	-81.8
			227.2	-81.8
			227.4	-81.8
			227.6	-81.8
			227.8	-81.8
			228	-82
			228.2	-82
			228.4	-82
			228.6	-82
			228.8	-82
			229	-82
			229.2	-82
			229.4	-82
			229.6	-82
			229.8	-82
			230	-82
			230.2	-82
			230.4	-82
			230.6	-82
			230.8	-82
			231	-82
			231.2	-82
			231.4	-82
			231.6	-82
			231.8	-82.2
			232	-82.2
			232.2	-82.2
			232.4	-82.2
			232.6	-82.2
			232.8	-82.2
			233	-82.2
			233.2	-82.2
			233.4	-82.2
			233.6	-82.2
			233.8	-82.2
			234	-82.2
			234.2	-82.2
			234.4	-82.2
			234.6	-82.2
			234.8	-82.2
			235	-82.2
			235.2	-82.4
			235.4	-82.4
			235.6	-82.4
			235.8	-82.4
			236	-82.4
			236.2	-82.4
			236.4	-82.4
			236.6	-82.4
			236.8	-82.4
			237	-82.4
			237.2	-82.4
			237.4	-82.4
			237.6	-82.4
			237.8	-82.4
			238	-82.4
			238.2	-82.4
			238.4	-82.6
			238.6	-82.6
			238.8	-82.6
			239	-82.6
			239.2	-82.6
			239.4	-82.6
			239.6	-82.6
			239.8	-82.6
			240	-82.6
			240.2	-82.6
			240.4	-82.6
			240.6	-82.6
			240.8	-82.6
			241	-82.6
			241.2	-82.6
			241.4	-82.8
			241.6	-82.8
			241.8	-82.8
			242	-82.8
			242.2	-82.8
			242.4	-82.8
			242.6	-82.8
			242.8	-82.8
			243	-82.8
			243.2	-82.8
			243.4	-82.8
			243.6	-82.8
			243.8	-82.8
			244	-83
			244.2	-83
			244.4	-83
			244.6	-83
			244.8	-83
			245	-83
			245.2	-83
			245.4	-83
			245.6	-83
			245.8	-83
			246	-83.2
			246.2	-83.2
			246.4	-83.2
			246.6	-83.2
			246.8	-83.2
			247	-83.2
			247.2	-83.2
			247.4	-83.2
			247.6	-83.2
			247.8	-83.2
			248	-83.2
			248.2	-83.4
			248.4	-83.4
			248.6	-83.4
			248.8	-83.4
			249	-83.4
			249.2	-83.4
			249.4	-83.4
			249.6	-83.4
			249.8	-83.4
			250	-83.4
			250.2	-83.6
			250.4	-83.6
			250.6	-83.6
			250.8	-83.6
			251	-83.6
			251.2	-83.6
			251.4	-83.6
			251.6	-83.6
			251.8	-83.6
			252	-83.6
			252.2	-83.8
			252.4	-83.8
			252.6	-83.8
			252.8	-83.8
			253	-83.8
			253.2	-83.8
			253.4	-83.8
			253.6	-83.8
			253.8	-83.8
			254	-83.8
			254.2	-84
			254.4	-84
			254.6	-84
			254.8	-84
			255	-84
			255.2	-84
			255.4	-84
			255.6	-84
			255.8	-84
			256	-84
			256.2	-84.2
			256.4	-84.2
			256.6	-84.2
			256.8	-84.2
			257	-84.2
			257.2	-84.2
			257.4	-84.2
			257.6	-84.2
			257.8	-84.2
			258	-84.4
			258.2	-84.4
			258.4	-84.4
			258.6	-84.4
			258.8	-84.4
			259	-84.4
			259.2	-84.4
			259.4	-84.4
			259.6	-84.4
			259.8	-84.4
			260	-84.6
			260.2	-84.6
			260.4	-84.6
			260.6	-84.6
			260.8	-84.6
			261	-84.6
			261.2	-84.6
			261.4	-84.6
			261.6	-84.6
			261.8	-84.8
			262	-84.8
			262.2	-84.8
			262.4	-84.8
			262.6	-84.8
			262.8	-84.8
			263	-84.8
			263.2	-84.8
			263.4	-84.8
			263.6	-85
			263.8	-85
			264	-85
			264.2	-85
			264.4	-85
			264.6	-85
			264.8	-85
			265	-85
			265.2	-85
			265.4	-85
			265.4	-85.2
			265.6	-85.2
			265.8	-85.2
			266	-85.2
			266.2	-85.2
			266.4	-85.2
			266.6	-85.2
			266.8	-85.2
			267	-85.2
			267.2	-85.4
			267.4	-85.4
			267.6	-85.4
			267.8	-85.4
			268	-85.4
			268.2	-85.4
			268.4	-85.4
			268.6	-85.4
			268.8	-85.4
			269	-85.6
			269.2	-85.6
			269.4	-85.6
			269.6	-85.6
			269.8	-85.6
			270	-85.6
			270.2	-85.6
			270.4	-85.6
			270.6	-85.6
			270.8	-85.8
			271	-85.8
			271.2	-85.8
			271.4	-85.8
			271.6	-85.8
			271.8	-85.8
			272	-85.8
			272.2	-85.8
			272.4	-86
			272.6	-86
			272.8	-86
			273	-86
			273.2	-86
			273.4	-86
			273.6	-86
			273.8	-86
			274	-86.2
			274.2	-86.2
			274.4	-86.2
			274.6	-86.2
			274.8	-86.2
			275	-86.2
			275.2	-86.2
			275.4	-86.2
			275.6	-86.4
			275.8	-86.4
			276	-86.4
			276.2	-86.4
			276.4	-86.4
			276.6	-86.4
			276.8	-86.4
			277	-86.4
			277.2	-86.6
			277.4	-86.6
			277.6	-86.6
			277.8	-86.6
			278	-86.6
			278.2	-86.6
			278.4	-86.6
			278.6	-86.6
			278.8	-86.8
			279	-86.8
			279.2	-86.8
			279.4	-86.8
			279.6	-86.8
			279.8	-86.8
			280	-86.8
			280.2	-86.8
			280.2	-87
			280.4	-87
			280.6	-87
			280.8	-87
			281	-87
			281.2	-87
			281.4	-87
			281.6	-87
			281.8	-87.2
			282	-87.2
			282.2	-87.2
			282.4	-87.2
			282.6	-87.2
			282.8	-87.2
			283	-87.2
			283.2	-87.4
			283.4	-87.4
			283.6	-87.4
			283.8	-87.4
			284	-87.4
			284.2	-87.4
			284.4	-87.4
			284.6	-87.4
			284.6	-87.6
			284.8	-87.6
			285	-87.6
			285.2	-87.6
			285.4	-87.6
			285.6	-87.6
			285.8	-87.6
			286	-87.6
			286.2	-87.8
			286.4	-87.8
			286.6	-87.8
			286.8	-87.8
			287	-87.8
			287.2	-87.8
			287.4	-88
			287.6	-88
			287.8	-88
			288	-88
			288.2	-88
			288.4	-88
			288.6	-88
			288.8	-88.2
			289	-88.2
			289.2	-88.2
			289.4	-88.2
			289.6	-88.2
			289.8	-88.2
			290	-88.2
			290	-88.4
			290.2	-88.4
			290.4	-88.4
			290.6	-88.4
			290.8	-88.4
			291	-88.4
			291.2	-88.4
			291.4	-88.6
			291.6	-88.6
			291.8	-88.6
			292	-88.6
			292.2	-88.6
			292.4	-88.6
			292.6	-88.8
			292.8	-88.8
			293	-88.8
			293.2	-88.8
			293.4	-88.8
			293.6	-88.8
			293.8	-88.8
			294	-89
			294.2	-89
			294.4	-89
			294.6	-89
			294.8	-89
			295	-89
			295	-89.2
			295.2	-89.2
			295.4	-89.2
			295.6	-89.2
			295.8	-89.2
			296	-89.2
			296.2	-89.4
			296.4	-89.4
			296.6	-89.4
			296.8	-89.4
			297	-89.4
			297.2	-89.4
			297.4	-89.6
			297.6	-89.6
			297.8	-89.6
			298	-89.6
			298.2	-89.6
			298.4	-89.8
			298.6	-89.8
			298.8	-89.8
			299	-89.8
			299.2	-89.8
			299.4	-89.8
			299.4	-90
			299.6	-90
			299.8	-90
			300	-90
			300.2	-90
			300.4	-90
			300.6	-90.2
			300.8	-90.2
			301	-90.2
			301.2	-90.2
			301.4	-90.2
			301.4	-90.4
			301.6	-90.4
			301.8	-90.4
			302	-90.4
			302.2	-90.4
			302.4	-90.6
			302.6	-90.6
			302.8	-90.6
			303	-90.6
			303.2	-90.6
			303.4	-90.8
			303.6	-90.8
			303.8	-90.8
		</curveLM09>
		<curveLM10 type=matrix rownames=FALSE colnames=FALSE nrow=467 ncol=2 as.numeric=TRUE >
			303.8	-90.8
			304	-90.8
			304.2	-90.8
			304.4	-90.8
			304.6	-91
			304.8	-91
			305	-91
			305.2	-91.2
			305.4	-91.2
			305.4	-91.4
			305.6	-91.4
			305.8	-91.6
			306	-91.8
			306.2	-92
			306.4	-92.2
			306.4	-92.4
			306.6	-92.6
			306.6	-92.8
			306.8	-93
			306.8	-93.2
			307	-93.4
			307	-93.6
			307	-93.8
			307.2	-94
			307.2	-94.2
			307.2	-94.4
			307.2	-94.6
			307.2	-94.8
			307.4	-95
			307.4	-95.2
			307.4	-95.4
			307.4	-95.6
			307.4	-95.8
			307.4	-96
			307.4	-96.2
			307.4	-96.4
			307.4	-96.6
			307.4	-96.8
			307.4	-97
			307.4	-97.2
			307.4	-97.4
			307.4	-97.6
			307.4	-97.8
			307.4	-98
			307.4	-98.2
			307.4	-98.4
			307.4	-98.6
			307.4	-98.8
			307.4	-99
			307.4	-99.2
			307.4	-99.4
			307.4	-99.6
			307.4	-99.8
			307.2	-100
			307.2	-100.2
			307.2	-100.4
			307.2	-100.6
			307.2	-100.8
			307.2	-101
			307.2	-101.2
			307.2	-101.4
			307	-101.6
			307	-101.8
			307	-102
			307	-102.2
			307	-102.4
			307	-102.6
			306.8	-102.8
			306.8	-103
			306.8	-103.2
			306.8	-103.4
			306.8	-103.6
			306.6	-103.8
			306.6	-104
			306.6	-104.2
			306.6	-104.4
			306.6	-104.6
			306.4	-104.8
			306.4	-105
			306.4	-105.2
			306.4	-105.4
			306.4	-105.6
			306.2	-105.8
			306.2	-106
			306.2	-106.2
			306.2	-106.4
			306	-106.6
			306	-106.8
			306	-107
			306	-107.2
			305.8	-107.4
			305.8	-107.6
			305.8	-107.8
			305.8	-108
			305.6	-108.2
			305.6	-108.4
			305.6	-108.6
			305.6	-108.8
			305.4	-109
			305.4	-109.2
			305.4	-109.4
			305.4	-109.6
			305.2	-109.8
			305.2	-110
			305.2	-110.2
			305.2	-110.4
			305	-110.6
			305	-110.8
			305	-111
			304.8	-111.2
			304.8	-111.4
			304.8	-111.6
			304.8	-111.8
			304.6	-112
			304.6	-112.2
			304.6	-112.4
			304.4	-112.6
			304.4	-112.8
			304.4	-113
			304.4	-113.2
			304.2	-113.4
			304.2	-113.6
			304.2	-113.8
			304	-114
			304	-114.2
			304	-114.4
			303.8	-114.6
			303.8	-114.8
			303.8	-115
			303.6	-115.2
			303.6	-115.4
			303.6	-115.6
			303.6	-115.8
			303.4	-116
			303.4	-116.2
			303.4	-116.4
			303.2	-116.6
			303.2	-116.8
			303.2	-117
			303	-117.2
			303	-117.4
			303	-117.6
			302.8	-117.8
			302.8	-118
			302.8	-118.2
			302.6	-118.4
			302.6	-118.6
			302.6	-118.8
			302.4	-119
			302.4	-119.2
			302.4	-119.4
			302.2	-119.6
			302.2	-119.8
			302.2	-120
			302	-120.2
			302	-120.4
			302	-120.6
			301.8	-120.8
			301.8	-121
			301.8	-121.2
			301.6	-121.4
			301.6	-121.6
			301.6	-121.8
			301.4	-122
			301.4	-122.2
			301.2	-122.4
			301.2	-122.6
			301.2	-122.8
			301	-123
			301	-123.2
			301	-123.4
			300.8	-123.6
			300.8	-123.8
			300.8	-124
			300.6	-124.2
			300.6	-124.4
			300.4	-124.6
			300.4	-124.8
			300.4	-125
			300.4	-125.2
			300.2	-125.2
			300.2	-125.4
			300.2	-125.6
			300	-125.8
			300	-126
			300	-126.2
			299.8	-126.4
			299.8	-126.6
			299.6	-126.8
			299.6	-127
			299.6	-127.2
			299.4	-127.4
			299.4	-127.6
			299.4	-127.8
			299.2	-128
			299.2	-128.2
			299.2	-128.4
			299	-128.6
			299	-128.8
			298.8	-129
			298.8	-129.2
			298.8	-129.4
			298.6	-129.6
			298.6	-129.8
			298.6	-130
			298.4	-130.2
			298.4	-130.4
			298.2	-130.6
			298.2	-130.8
			298.2	-131
			298	-131.2
			298	-131.4
			297.8	-131.6
			297.8	-131.8
			297.8	-132
			297.6	-132.2
			297.6	-132.4
			297.6	-132.6
			297.4	-132.8
			297.4	-133
			297.4	-133.2
			297.2	-133.4
			297.2	-133.6
			297.2	-133.8
			297	-133.8
			297	-134
			297	-134.2
			296.8	-134.4
			296.8	-134.6
			296.8	-134.8
			296.6	-135
			296.6	-135.2
			296.4	-135.4
			296.4	-135.6
			296.4	-135.8
			296.2	-136
			296.2	-136.2
			296.2	-136.4
			296	-136.6
			296	-136.8
			296	-137
			295.8	-137.2
			295.8	-137.4
			295.6	-137.6
			295.6	-137.8
			295.6	-138
			295.4	-138.2
			295.4	-138.4
			295.4	-138.6
			295.2	-138.8
			295.2	-139
			295.2	-139.2
			295	-139.4
			295	-139.6
			295	-139.8
			294.8	-140
			294.8	-140.2
			294.6	-140.4
			294.6	-140.6
			294.6	-140.8
			294.4	-141
			294.4	-141.2
			294.4	-141.4
			294.2	-141.6
			294.2	-141.8
			294.2	-142
			294	-142.2
			294	-142.4
			294	-142.6
			293.8	-142.8
			293.8	-143
			293.6	-143.2
			293.6	-143.4
			293.6	-143.6
			293.4	-143.8
			293.4	-144
			293.2	-144.2
			293.2	-144.4
			293.2	-144.6
			293.2	-144.8
			293	-144.8
			293	-145
			293	-145.2
			292.8	-145.4
			292.8	-145.6
			292.8	-145.8
			292.6	-146
			292.6	-146.2
			292.4	-146.4
			292.4	-146.6
			292.4	-146.8
			292.2	-147
			292.2	-147.2
			292.2	-147.4
			292	-147.4
			292	-147.6
			292	-147.8
			291.8	-148
			291.8	-148.2
			291.8	-148.4
			291.6	-148.6
			291.6	-148.8
			291.6	-149
			291.4	-149.2
			291.4	-149.4
			291.2	-149.6
			291.2	-149.8
			291.2	-150
			291	-150.2
			291	-150.4
			291	-150.6
			290.8	-150.8
			290.8	-151
			290.6	-151.2
			290.6	-151.4
			290.6	-151.6
			290.4	-151.8
			290.4	-152
			290.4	-152.2
			290.2	-152.4
			290.2	-152.6
			290	-152.8
			290	-153
			289.8	-153.2
			289.8	-153.4
			289.8	-153.6
			289.6	-153.8
			289.6	-154
			289.4	-154.2
			289.4	-154.4
			289.4	-154.6
			289.2	-154.8
			289.2	-155
			289.2	-155.2
			289	-155.4
			289	-155.6
			288.8	-155.8
			288.8	-156
			288.8	-156.2
			288.6	-156.4
			288.6	-156.6
			288.4	-156.8
			288.4	-157
			288.4	-157.2
			288.2	-157.4
			288.2	-157.6
			288.2	-157.8
			288	-158
			288	-158.2
			288	-158.4
			287.8	-158.6
			287.8	-158.8
			287.6	-158.8
			287.6	-159
			287.6	-159.2
			287.4	-159.4
			287.4	-159.6
			287.4	-159.8
			287.2	-160
			287.2	-160.2
			287.2	-160.4
			287	-160.4
			287	-160.6
			286.8	-160.8
			286.8	-161
			286.8	-161.2
			286.6	-161.4
			286.6	-161.6
			286.4	-161.8
			286.4	-162
			286.4	-162.2
			286.2	-162.4
			286.2	-162.6
			286	-162.8
			286	-163
			285.8	-163.2
			285.8	-163.4
			285.8	-163.6
			285.6	-163.8
			285.6	-164
			285.4	-164.2
			285.4	-164.4
			285.4	-164.6
			285.2	-164.8
			285.2	-165
			285	-165.2
			285	-165.4
			284.8	-165.6
			284.8	-165.8
			284.8	-166
			284.6	-166.2
			284.6	-166.4
			284.4	-166.6
			284.4	-166.8
			284.2	-167
			284.2	-167.2
			284.2	-167.4
			284	-167.4
			284	-167.6
			284	-167.8
			283.8	-168
			283.8	-168.2
			283.6	-168.4
			283.6	-168.6
			283.4	-168.8
			283.4	-169
			283.4	-169.2
			283.2	-169.2
			283.2	-169.4
			283.2	-169.6
			283	-169.8
			283	-170
			282.8	-170.2
			282.8	-170.4
			282.6	-170.6
			282.6	-170.8
			282.4	-171
			282.4	-171.2
			282.4	-171.4
			282.2	-171.4
			282.2	-171.6
			282	-171.8
			282	-172
			282	-172.2
			281.8	-172.4
			281.6	-172.6
			281.6	-172.8
			281.4	-173
			281.4	-173.2
			281.4	-173.4
			281.2	-173.6
			281.2	-173.8
			281	-174
			280.8	-174.2
			280.8	-174.4
			280.6	-174.6
			280.6	-174.8
			280.4	-175
			280.4	-175.2
			280.2	-175.4
			280.2	-175.6
			280	-175.8
			280	-176
			279.8	-176
			279.8	-176.2
			279.6	-176.4
			279.6	-176.6
			279.4	-176.8
			279.2	-177
			279	-177.2
			279	-177.4
			278.8	-177.6
			278.8	-177.8
			278.6	-177.8
			278.6	-178
			278.4	-178.2
			278.2	-178.4
			278.2	-178.6
			278	-178.8
			277.8	-179
			277.6	-179.2
			277.4	-179.4
			277.2	-179.4
			277	-179.6
			276.8	-179.8
			276.6	-179.8
			276.4	-179.8
		</curveLM10>
		<curveLM11 type=matrix rownames=FALSE colnames=FALSE nrow=593 ncol=2 as.numeric=TRUE >
			276.4	-179.8
			276.2	-179.8
			276	-180
			275.8	-180
			275.6	-180
			275.4	-180
			275.2	-180
			275	-180
			274.8	-180
			274.6	-180
			274.4	-180
			274.2	-180
			274	-180
			273.8	-180
			273.6	-180
			273.4	-180
			273.2	-180
			273	-180
			272.8	-179.8
			272.6	-179.8
			272.4	-179.8
			272.2	-179.8
			272	-179.8
			271.8	-179.6
			271.6	-179.6
			271.4	-179.6
			271.2	-179.4
			271	-179.4
			270.8	-179.4
			270.6	-179.2
			270.4	-179.2
			270.2	-179.2
			270	-179
			269.8	-179
			269.6	-179
			269.4	-178.8
			269.2	-178.8
			269	-178.6
			268.8	-178.6
			268.6	-178.4
			268.4	-178.4
			268.2	-178.4
			268	-178.2
			267.8	-178.2
			267.6	-178
			267.4	-178
			267.2	-177.8
			267	-177.6
			266.8	-177.6
			266.6	-177.6
			266.4	-177.4
			266.2	-177.4
			266	-177.2
			265.8	-177.2
			265.6	-177
			265.4	-177
			265.2	-176.8
			265	-176.6
			264.8	-176.6
			264.6	-176.4
			264.4	-176.4
			264.2	-176.2
			264	-176.2
			263.8	-176
			263.6	-175.8
			263.4	-175.8
			263.2	-175.6
			263	-175.6
			262.8	-175.4
			262.6	-175.4
			262.4	-175.2
			262.2	-175
			262	-175
			261.8	-174.8
			261.6	-174.8
			261.4	-174.6
			261.2	-174.6
			261	-174.4
			260.8	-174.4
			260.6	-174.2
			260.4	-174
			260.2	-174
			260	-173.8
			259.8	-173.8
			259.6	-173.6
			259.4	-173.6
			259.2	-173.4
			259	-173.4
			258.8	-173.2
			258.6	-173.2
			258.4	-173
			258.2	-172.8
			258	-172.8
			257.8	-172.6
			257.6	-172.6
			257.4	-172.4
			257.2	-172.4
			257	-172.2
			256.8	-172.2
			256.6	-172
			256.4	-172
			256.2	-171.8
			256	-171.6
			255.8	-171.6
			255.6	-171.4
			255.4	-171.4
			255.2	-171.2
			255	-171.2
			254.8	-171
			254.6	-170.8
			254.4	-170.8
			254.2	-170.6
			254	-170.6
			253.8	-170.4
			253.6	-170.2
			253.4	-170.2
			253.2	-170.2
			253	-170
			252.8	-170
			252.8	-169.8
			252.6	-169.8
			252.4	-169.6
			252.2	-169.6
			252	-169.4
			251.8	-169.4
			251.8	-169.2
			251.6	-169.2
			251.4	-169.2
			251.2	-169
			251	-169
			251	-168.8
			250.8	-168.8
			250.6	-168.6
			250.4	-168.6
			250.2	-168.4
			250	-168.2
			249.8	-168.2
			249.6	-168
			249.4	-168
			249.2	-167.8
			249	-167.8
			248.8	-167.6
			248.6	-167.6
			248.4	-167.4
			248.2	-167.4
			248	-167.2
			247.8	-167.2
			247.6	-167
			247.4	-166.8
			247.2	-166.8
			247	-166.6
			246.8	-166.6
			246.6	-166.4
			246.4	-166.4
			246.2	-166.2
			246	-166.2
			246	-166
			245.8	-166
			245.6	-165.8
			245.4	-165.8
			245.2	-165.6
			245	-165.6
			244.8	-165.4
			244.6	-165.4
			244.4	-165.2
			244.2	-165
			244	-165
			243.8	-164.8
			243.6	-164.8
			243.4	-164.6
			243.2	-164.6
			243	-164.4
			242.8	-164.4
			242.8	-164.2
			242.6	-164.2
			242.4	-164
			242.2	-164
			242	-163.8
			241.8	-163.8
			241.6	-163.6
			241.4	-163.6
			241.2	-163.4
			241	-163.4
			240.8	-163.2
			240.6	-163.2
			240.4	-163
			240.2	-163
			240.2	-162.8
			240	-162.8
			239.8	-162.6
			239.6	-162.6
			239.4	-162.4
			239.2	-162.4
			239	-162.2
			238.8	-162.2
			238.6	-162
			238.4	-162
			238.2	-161.8
			238	-161.8
			238	-161.6
			237.8	-161.6
			237.6	-161.4
			237.4	-161.4
			237.2	-161.2
			237	-161.2
			236.8	-161
			236.6	-161
			236.4	-160.8
			236.2	-160.8
			236.2	-160.6
			236	-160.6
			235.8	-160.4
			235.6	-160.4
			235.4	-160.2
			235.2	-160.2
			235	-160
			234.8	-160
			234.6	-159.8
			234.4	-159.6
			234.2	-159.6
			234	-159.4
			233.8	-159.4
			233.6	-159.2
			233.4	-159.2
			233.2	-159
			233	-158.8
			232.8	-158.8
			232.6	-158.8
			232.6	-158.6
			232.4	-158.6
			232.2	-158.4
			232	-158.4
			231.8	-158.2
			231.6	-158.2
			231.4	-158
			231.2	-158
			231	-157.8
			230.8	-157.8
			230.6	-157.6
			230.4	-157.4
			230.2	-157.4
			230	-157.2
			229.8	-157.2
			229.6	-157
			229.4	-157
			229.2	-156.8
			229	-156.6
			228.8	-156.6
			228.6	-156.6
			228.6	-156.4
			228.4	-156.4
			228.2	-156.2
			228	-156.2
			228	-156
			227.8	-156
			227.6	-156
			227.4	-155.8
			227.2	-155.6
			227	-155.6
			226.8	-155.4
			226.6	-155.4
			226.4	-155.2
			226.2	-155.2
			226	-155
			225.8	-155
			225.8	-154.8
			225.6	-154.8
			225.4	-154.6
			225.2	-154.6
			225	-154.4
			224.8	-154.4
			224.6	-154.2
			224.4	-154.2
			224.2	-154
			224	-154
			223.8	-153.8
			223.6	-153.6
			223.4	-153.6
			223.2	-153.6
			223.2	-153.4
			223	-153.4
			222.8	-153.4
			222.8	-153.2
			222.6	-153.2
			222.4	-153.2
			222.4	-153
			222.2	-153
			222	-152.8
			221.8	-152.6
			221.6	-152.6
			221.4	-152.6
			221.2	-152.4
			221	-152.2
			220.8	-152.2
			220.6	-152
			220.4	-152
			220.2	-151.8
			220	-151.8
			220	-151.6
			219.8	-151.6
			219.6	-151.6
			219.4	-151.4
			219.2	-151.4
			219	-151.2
			218.8	-151.2
			218.6	-151
			218.4	-151
			218.4	-150.8
			218.2	-150.8
			218	-150.6
			217.8	-150.6
			217.6	-150.4
			217.4	-150.4
			217.2	-150.2
			217	-150.2
			217	-150
			216.8	-150
			216.6	-149.8
			216.4	-149.8
			216.2	-149.6
			216	-149.6
			215.8	-149.4
			215.6	-149.4
			215.4	-149.2
			215.2	-149
			215	-149
			214.8	-148.8
			214.6	-148.8
			214.4	-148.6
			214.2	-148.6
			214	-148.4
			213.8	-148.4
			213.6	-148.2
			213.4	-148.2
			213.2	-148
			213	-148
			212.8	-147.8
			212.6	-147.8
			212.4	-147.6
			212.2	-147.4
			212	-147.4
			211.8	-147.2
			211.6	-147.2
			211.4	-147
			211.2	-147
			211.2	-146.8
			211	-146.8
			210.8	-146.8
			210.6	-146.6
			210.4	-146.6
			210.2	-146.4
			210	-146.4
			210	-146.2
			209.8	-146.2
			209.6	-146
			209.4	-146
			209.2	-145.8
			209	-145.8
			208.8	-145.6
			208.6	-145.6
			208.4	-145.4
			208.2	-145.2
			208	-145.2
			207.8	-145
			207.6	-145
			207.4	-144.8
			207.2	-144.8
			207	-144.6
			206.8	-144.6
			206.6	-144.4
			206.4	-144.4
			206.2	-144.2
			206	-144.2
			205.8	-144
			205.6	-144
			205.4	-143.8
			205.2	-143.6
			205	-143.6
			204.8	-143.4
			204.6	-143.4
			204.4	-143.2
			204.2	-143.2
			204	-143
			203.8	-143
			203.6	-142.8
			203.4	-142.8
			203.2	-142.6
			203	-142.6
			203	-142.4
			202.8	-142.4
			202.6	-142.2
			202.4	-142.2
			202.2	-142
			202	-142
			201.8	-141.8
			201.6	-141.8
			201.4	-141.6
			201.2	-141.6
			201	-141.4
			200.8	-141.4
			200.6	-141.2
			200.4	-141.2
			200.2	-141
			200	-140.8
			199.8	-140.8
			199.6	-140.6
			199.4	-140.6
			199.2	-140.4
			199	-140.4
			198.8	-140.2
			198.6	-140.2
			198.4	-140
			198.2	-139.8
			198	-139.8
			197.8	-139.6
			197.6	-139.6
			197.4	-139.4
			197.2	-139.4
			197	-139.2
			196.8	-139.2
			196.6	-139.2
			196.4	-139
			196.2	-138.8
			196	-138.6
			195.8	-138.6
			195.6	-138.6
			195.6	-138.4
			195.4	-138.4
			195.2	-138.4
			195.2	-138.2
			195	-138.2
			194.8	-138.2
			194.8	-138
			194.6	-138
			194.4	-138
			194.4	-137.8
			194.2	-137.8
			194	-137.6
			193.8	-137.6
			193.6	-137.4
			193.4	-137.4
			193.2	-137.2
			193	-137.2
			192.8	-137
			192.6	-137
			192.4	-136.8
			192.2	-136.8
			192	-136.6
			191.8	-136.4
			191.6	-136.4
			191.4	-136.2
			191.2	-136.2
			191	-136.2
			191	-136
			190.8	-136
			190.6	-136
			190.6	-135.8
			190.4	-135.8
			190.2	-135.6
			190	-135.6
			189.8	-135.4
			189.6	-135.4
			189.4	-135.2
			189.2	-135.2
			189	-135
			188.8	-135
			188.6	-134.8
			188.4	-134.8
			188.4	-134.6
			188.2	-134.6
			188	-134.4
			187.8	-134.4
			187.6	-134.2
			187.4	-134.2
			187.2	-134.2
			187.2	-134
			187	-134
			186.8	-133.8
			186.6	-133.8
			186.4	-133.6
			186.2	-133.6
			186	-133.4
			185.8	-133.4
			185.6	-133.2
			185.4	-133.2
			185.2	-133
			185	-132.8
			184.8	-132.8
			184.6	-132.6
			184.4	-132.6
			184.2	-132.4
			184	-132.4
			183.8	-132.2
			183.6	-132.2
			183.4	-132
			183.2	-132
			183	-131.8
			182.8	-131.8
			182.6	-131.6
			182.4	-131.6
			182.2	-131.4
			182	-131.4
			182	-131.2
			181.8	-131.2
			181.6	-131.2
			181.4	-131
			181.2	-131
			181	-130.8
			180.8	-130.8
			180.6	-130.6
			180.4	-130.6
			180.2	-130.4
			180	-130.4
			179.8	-130.2
			179.6	-130
			179.4	-130
			179.2	-129.8
			179	-129.8
			178.8	-129.6
			178.6	-129.6
			178.4	-129.6
			178.4	-129.4
			178.2	-129.4
			178	-129.4
			178	-129.2
			177.8	-129.2
			177.6	-129
			177.4	-129
			177.2	-128.8
			177	-128.8
			176.8	-128.6
			176.6	-128.6
			176.4	-128.4
			176.2	-128.4
			176	-128.2
			175.8	-128.2
			175.6	-128
			175.4	-128
			175.2	-128
			175.2	-127.8
			175	-127.8
			174.8	-127.6
			174.6	-127.6
			174.4	-127.4
			174.2	-127.4
			174	-127.2
			173.8	-127.2
			173.6	-127
			173.4	-127
			173.2	-126.8
			173	-126.8
			172.8	-126.6
			172.6	-126.6
			172.4	-126.4
			172.2	-126.4
			172	-126.4
			172	-126.2
			171.8	-126.2
			171.6	-126
			171.4	-126
			171.2	-125.8
			171	-125.8
			170.8	-125.6
			170.6	-125.6
			170.4	-125.4
			170.2	-125.4
			170	-125.2
			169.8	-125.2
			169.6	-125
			169.4	-125
			169.2	-124.8
			169	-124.8
			168.8	-124.6
			168.6	-124.6
			168.4	-124.4
			168.2	-124.4
			168	-124.4
			167.8	-124.2
			167.6	-124.2
			167.4	-124
			167.2	-123.8
			167	-123.8
			166.8	-123.6
			166.6	-123.6
			166.4	-123.6
			166.2	-123.4
			166	-123.4
			165.8	-123.2
			165.6	-123.2
			165.4	-123
			165.2	-123
			165	-122.8
			164.8	-122.8
		</curveLM11>
		<curveLM12 type=matrix rownames=FALSE colnames=FALSE nrow=29 ncol=2 as.numeric=TRUE >
			164.8	-122.8
			164.6	-123
			164.4	-123.2
			164.2	-123.4
			164.2	-123.6
			164	-123.8
			163.8	-124
			163.6	-124.2
			163.6	-124.4
			163.4	-124.4
			163.2	-124.6
			163	-124.8
			163	-125
			162.8	-125.2
			162.6	-125.4
			162.4	-125.6
			162.4	-125.8
			162.2	-126
			162	-126.2
			162	-126.4
			161.8	-126.6
			161.6	-126.8
			161.6	-127
			161.4	-127.2
			161.2	-127.4
			161.2	-127.6
			161	-127.8
			160.8	-128
			160.8	-128.2
		</curveLM12>
		<curveLM13 type=matrix rownames=FALSE colnames=FALSE nrow=313 ncol=2 as.numeric=TRUE >
			160.8	-128.2
			160.6	-128.2
			160.4	-128.2
			160.2	-128.2
			160	-128.2
			159.8	-128.2
			159.6	-128.2
			159.4	-128.2
			159.2	-128.2
			159	-128.2
			158.8	-128.4
			158.6	-128.4
			158.4	-128.4
			158.2	-128.4
			158	-128.4
			157.8	-128.4
			157.6	-128.4
			157.4	-128.4
			157.2	-128.4
			157	-128.4
			156.8	-128.4
			156.6	-128.4
			156.4	-128.4
			156.2	-128.4
			156	-128.6
			155.8	-128.6
			155.6	-128.6
			155.4	-128.6
			155.2	-128.6
			155	-128.6
			154.8	-128.6
			154.6	-128.6
			154.4	-128.6
			154.2	-128.6
			154	-128.6
			153.8	-128.6
			153.6	-128.8
			153.4	-128.8
			153.2	-128.8
			153	-128.8
			152.8	-128.8
			152.6	-128.8
			152.4	-128.8
			152.2	-128.8
			152	-128.8
			151.8	-128.8
			151.6	-129
			151.4	-129
			151.2	-129
			151	-129
			150.8	-129
			150.6	-129
			150.4	-129
			150.2	-129
			150	-129
			149.8	-129.2
			149.6	-129.2
			149.4	-129.2
			149.2	-129.2
			149	-129.2
			148.8	-129.2
			148.6	-129.2
			148.4	-129.2
			148.2	-129.4
			148	-129.4
			147.8	-129.4
			147.6	-129.4
			147.4	-129.4
			147.2	-129.4
			147	-129.4
			146.8	-129.6
			146.6	-129.6
			146.4	-129.6
			146.2	-129.6
			146	-129.6
			145.8	-129.6
			145.6	-129.6
			145.4	-129.8
			145.2	-129.8
			145	-129.8
			144.8	-129.8
			144.6	-129.8
			144.4	-129.8
			144.2	-129.8
			144	-130
			143.8	-130
			143.6	-130
			143.4	-130
			143.2	-130
			143	-130.2
			142.8	-130.2
			142.6	-130.2
			142.4	-130.2
			142.2	-130.2
			142	-130.4
			141.8	-130.4
			141.6	-130.4
			141.4	-130.4
			141.2	-130.4
			141	-130.6
			140.8	-130.6
			140.6	-130.6
			140.4	-130.6
			140.2	-130.6
			140	-130.8
			139.8	-130.8
			139.6	-130.8
			139.4	-130.8
			139.2	-131
			139	-131
			138.8	-131
			138.6	-131
			138.4	-131.2
			138.2	-131.2
			138	-131.2
			137.8	-131.2
			137.6	-131.4
			137.4	-131.4
			137.2	-131.4
			137	-131.4
			136.8	-131.4
			136.6	-131.6
			136.4	-131.6
			136.2	-131.6
			136	-131.6
			135.8	-131.6
			135.6	-131.6
			135.4	-131.6
			135.2	-131.6
			135	-131.6
			134.8	-131.8
			134.6	-131.8
			134.4	-131.8
			134.2	-131.8
			134	-131.8
			133.8	-131.8
			133.6	-131.8
			133.4	-131.8
			133.2	-131.8
			133	-132
			132.8	-132
			132.6	-132
			132.4	-132
			132.2	-132
			132	-132
			131.8	-132
			131.6	-132
			131.4	-132
			131.2	-132
			131	-132.2
			130.8	-132.2
			130.6	-132.2
			130.4	-132.2
			130.2	-132.2
			130	-132.2
			129.8	-132.2
			129.6	-132.2
			129.4	-132.2
			129.2	-132.2
			129	-132.2
			128.8	-132.2
			128.6	-132.4
			128.4	-132.4
			128.2	-132.4
			128	-132.4
			127.8	-132.4
			127.6	-132.4
			127.4	-132.4
			127.2	-132.4
			127	-132.4
			126.8	-132.4
			126.6	-132.4
			126.4	-132.6
			126.2	-132.6
			126	-132.6
			125.8	-132.6
			125.6	-132.6
			125.4	-132.6
			125.2	-132.6
			125	-132.6
			124.8	-132.6
			124.6	-132.6
			124.4	-132.6
			124.2	-132.6
			124	-132.6
			123.8	-132.6
			123.6	-132.8
			123.4	-132.8
			123.2	-132.8
			123	-132.8
			122.8	-132.8
			122.6	-132.8
			122.4	-132.8
			122.2	-132.8
			122	-132.8
			121.8	-132.8
			121.6	-132.8
			121.4	-132.8
			121.2	-132.8
			121	-132.8
			120.8	-132.8
			120.6	-132.8
			120.4	-132.8
			120.2	-132.8
			120	-132.8
			119.8	-133
			119.6	-133
			119.4	-133
			119.2	-133
			119	-133
			118.8	-133
			118.6	-133
			118.4	-133
			118.2	-133
			118	-133
			117.8	-133
			117.6	-133
			117.4	-133
			117.2	-133
			117	-133
			116.8	-133
			116.6	-133
			116.4	-133
			116.2	-133
			116	-133
			115.8	-133
			115.6	-133
			115.4	-133
			115.2	-133
			115	-133
			114.8	-133
			114.6	-133
			114.4	-133
			114.2	-133
			114	-133
			113.8	-133
			113.6	-133
			113.4	-133
			113.2	-133
			113	-133
			112.8	-133
			112.6	-133
			112.4	-133
			112.2	-133
			112	-133
			111.8	-133
			111.6	-133
			111.4	-133
			111.2	-133
			111	-133
			110.8	-132.8
			110.6	-132.8
			110.4	-132.8
			110.2	-132.8
			110	-132.8
			109.8	-132.8
			109.6	-132.8
			109.4	-132.8
			109.2	-132.8
			109	-132.8
			108.8	-132.8
			108.6	-132.8
			108.4	-132.8
			108.2	-132.8
			108	-132.6
			107.8	-132.6
			107.6	-132.6
			107.4	-132.6
			107.2	-132.6
			107	-132.6
			106.8	-132.6
			106.6	-132.6
			106.4	-132.4
			106.2	-132.4
			106	-132.4
			105.8	-132.4
			105.6	-132.4
			105.4	-132.4
			105.2	-132.2
			105	-132.2
			104.8	-132.2
			104.6	-132.2
			104.4	-132
			104.2	-132
			104	-132
			103.8	-132
			103.6	-132
			103.6	-131.8
			103.4	-131.8
			103.2	-131.8
			103	-131.8
			102.8	-131.8
			102.8	-131.6
			102.6	-131.6
			102.4	-131.6
			102.2	-131.6
			102.2	-131.4
			102	-131.4
			101.8	-131.4
			101.6	-131.2
			101.4	-131.2
			101.2	-131
			101	-131
			100.8	-131
			100.8	-130.8
			100.6	-130.8
			100.4	-130.8
			100.4	-130.6
			100.2	-130.6
			100	-130.4
			99.8	-130.4
			99.6	-130.2
			99.4	-130
		</curveLM13>
		<curveLM14 type=matrix rownames=FALSE colnames=FALSE nrow=252 ncol=2 as.numeric=TRUE >
			99.4	-130
			99.4	-129.8
			99.4	-129.6
			99.2	-129.4
			99.2	-129.2
			99.2	-129
			99.2	-128.8
			99.2	-128.6
			99.2	-128.4
			99.2	-128.2
			99	-128
			99	-127.8
			99	-127.6
			99	-127.4
			99	-127.2
			99	-127
			99	-126.8
			99	-126.6
			99	-126.4
			99	-126.2
			98.8	-126
			98.8	-125.8
			98.8	-125.6
			98.8	-125.4
			98.8	-125.2
			98.8	-125
			98.8	-124.8
			98.8	-124.6
			98.8	-124.4
			98.8	-124.2
			98.8	-124
			98.8	-123.8
			98.8	-123.6
			98.6	-123.4
			98.6	-123.2
			98.6	-123
			98.6	-122.8
			98.6	-122.6
			98.6	-122.4
			98.6	-122.2
			98.6	-122
			98.6	-121.8
			98.6	-121.6
			98.6	-121.4
			98.6	-121.2
			98.6	-121
			98.6	-120.8
			98.6	-120.6
			98.4	-120.4
			98.4	-120.2
			98.4	-120
			98.4	-119.8
			98.4	-119.6
			98.4	-119.4
			98.4	-119.2
			98.4	-119
			98.4	-118.8
			98.4	-118.6
			98.4	-118.4
			98.4	-118.2
			98.4	-118
			98.4	-117.8
			98.4	-117.6
			98.4	-117.4
			98.4	-117.2
			98.4	-117
			98.4	-116.8
			98.4	-116.6
			98.4	-116.4
			98.2	-116.4
			98.2	-116.2
			98.2	-116
			98.2	-115.8
			98.2	-115.6
			98.2	-115.4
			98.2	-115.2
			98.2	-115
			98.2	-114.8
			98.2	-114.6
			98.2	-114.4
			98.2	-114.2
			98.2	-114
			98.2	-113.8
			98.2	-113.6
			98.2	-113.4
			98.2	-113.2
			98.2	-113
			98.2	-112.8
			98.2	-112.6
			98.2	-112.4
			98.2	-112.2
			98.2	-112
			98.2	-111.8
			98.2	-111.6
			98	-111.4
			98	-111.2
			98	-111
			98	-110.8
			98	-110.6
			98	-110.4
			98	-110.2
			98	-110
			98	-109.8
			98	-109.6
			98	-109.4
			98	-109.2
			98	-109
			98	-108.8
			98	-108.6
			98	-108.4
			98	-108.2
			98	-108
			98	-107.8
			98	-107.6
			98	-107.4
			98	-107.2
			98	-107
			98	-106.8
			98	-106.6
			98	-106.4
			98	-106.2
			98	-106
			98	-105.8
			98	-105.6
			98	-105.4
			98	-105.2
			97.8	-105
			97.8	-104.8
			97.8	-104.6
			97.8	-104.4
			97.8	-104.2
			97.8	-104
			97.8	-103.8
			97.8	-103.6
			97.8	-103.4
			97.8	-103.2
			97.8	-103
			97.8	-102.8
			97.8	-102.6
			97.8	-102.4
			97.8	-102.2
			97.8	-102
			97.8	-101.8
			97.8	-101.6
			97.8	-101.4
			97.8	-101.2
			97.8	-101
			97.8	-100.8
			97.8	-100.6
			97.8	-100.4
			97.8	-100.2
			97.8	-100
			97.8	-99.8
			97.8	-99.6
			97.8	-99.4
			97.8	-99.2
			97.8	-99
			97.8	-98.8
			97.8	-98.6
			97.8	-98.4
			97.8	-98.2
			97.8	-98
			97.8	-97.8
			97.8	-97.6
			97.8	-97.4
			97.8	-97.2
			97.8	-97
			97.6	-96.8
			97.6	-96.6
			97.6	-96.4
			97.6	-96.2
			97.6	-96
			97.6	-95.8
			97.6	-95.6
			97.6	-95.4
			97.6	-95.2
			97.6	-95
			97.6	-94.8
			97.6	-94.6
			97.6	-94.4
			97.6	-94.2
			97.6	-94
			97.6	-93.8
			97.6	-93.6
			97.6	-93.4
			97.6	-93.2
			97.6	-93
			97.6	-92.8
			97.6	-92.6
			97.6	-92.4
			97.6	-92.2
			97.6	-92
			97.6	-91.8
			97.6	-91.6
			97.6	-91.4
			97.6	-91.2
			97.4	-91
			97.4	-90.8
			97.4	-90.6
			97.4	-90.4
			97.4	-90.2
			97.4	-90
			97.4	-89.8
			97.4	-89.6
			97.4	-89.4
			97.4	-89.2
			97.4	-89
			97.4	-88.8
			97.2	-88.6
			97.2	-88.4
			97.2	-88.2
			97.2	-88
			97.2	-87.8
			97.2	-87.6
			97.2	-87.4
			97.2	-87.2
			97.2	-87
			97.2	-86.8
			97.2	-86.6
			97.2	-86.4
			97.2	-86.2
			97.2	-86
			97.2	-85.8
			97.2	-85.6
			97.2	-85.4
			97.2	-85.2
			97.2	-85
			97.2	-84.8
			97.4	-84.6
			97.4	-84.4
			97.4	-84.2
			97.4	-84
			97.4	-83.8
			97.4	-83.6
			97.4	-83.4
			97.4	-83.2
			97.6	-83
			97.6	-82.8
			97.6	-82.6
			97.6	-82.4
			97.6	-82.2
			97.8	-82
			97.8	-81.8
			97.8	-81.6
			98	-81.4
			98	-81.2
			98	-81
			98	-80.8
			98.2	-80.8
			98.2	-80.6
			98.2	-80.4
			98.4	-80.2
		</curveLM14>
	</curves.scaled>
	<ruler.points type=matrix rownames=TRUE colnames=FALSE nrow=2 ncol=2 as.numeric=TRUE >
		Ruler point 1	21	1158
		Ruler point 2	71	1158
	</ruler.points>
</shapes>

